13111
40140
101814
104454
105190
108022
151862
152208
161296
173530
193475
194231
209204
220350
237787
254355
265256
291065
324254
332157
366957
377662
482945
484983
491736
501519
502930
567394
571077
585537
631798
639395
676697
708034
716323
720184
720292
759895
778879
810622
845813
854164
893187
896782
899755
907622
910094
928610
936300
995552
14163
38100
39871
48363
77756
78233
86931
119752
120976
158461
160044
196197
212129
234514
272457
274210
276555
319347
376933
397831
421161
437390
448207
450085
453888
465932
467251
491837
510529
534711
559396
586051
599162
638602
686919
688897
705432
731941
769547
798492
835159
838633
855719
866313
874002
904106
935069
944328
945625
946655
